######################################
 Wilson loop axa action improved
0  0.5393135532528625
1  0.5388719714311253
2  0.5374799950236901
3  0.5356847795129683
4  0.540397739509551
5  0.5440268775498887
6  0.5429209046404438
7  0.539394660242272
8  0.5435974652985989
9  0.5407131261791879

mean:     0.5402401072640589    +/- 0.0008053636490438512
######################################

 Wilson loop ax2a action improved
0  0.2855341614244994
1  0.2782047335791637
2  0.2851623265351508
3  0.2870598162485029
4  0.28303133185888385
5  0.2805393593070499
6  0.2883435839969175
7  0.2772165417795397
8  0.28525295789145577
9  0.283864025082817

mean:     0.2834208837703981    +/- 0.0011076247493438357
######################################
